[[[102. 121.]
  [103. 120.]
  [104. 119.]
  [105. 118.]
  [106. 117.]
  [108. 117.]
  [109. 116.]
  [110. 115.]
  [111. 114.]
  [112. 113.]
  [114. 113.]
  [115. 112.]
  [116. 111.]
  [117. 110.]
  [118. 109.]
  [119. 108.]
  [120. 107.]
  [121. 106.]
  [122. 105.]
  [123. 104.]
  [124. 103.]
  [125. 102.]
  [126. 101.]
  [127. 100.]
  [127.  98.]
  [127.  96.]
  [128.  95.]
  [129.  94.]
  [129.  92.]
  [128.  91.]
  [127.  90.]
  [127.  88.]
  [127.  86.]
  [126.  85.]
  [125.  84.]
  [125.  82.]
  [124.  81.]
  [123.  80.]
  [122.  79.]
  [121.  78.]
  [120.  77.]
  [119.  76.]
  [118.  75.]
  [116.  75.]
  [115.  74.]
  [114.  73.]
  [112.  73.]
  [111.  72.]
  [110.  71.]
  [108.  71.]
  [106.  71.]
  [104.  71.]
  [102.  71.]
  [100.  71.]
  [ 98.  71.]
  [ 97.  72.]
  [ 96.  73.]
  [ 95.  74.]
  [ 94.  75.]
  [ 93.  76.]
  [ 93.  78.]
  [ 92.  79.]
  [ 91.  80.]
  [ 91.  82.]
  [ 91.  84.]
  [ 90.  85.]
  [ 89.  86.]
  [ 89.  88.]
  [ 88.  89.]
  [ 87.  90.]
  [ 86.  91.]
  [ 85.  92.]
  [ 84.  93.]
  [ 83.  94.]
  [ 82.  95.]
  [ 81.  96.]
  [ 81.  98.]
  [ 81. 100.]
  [ 81. 102.]
  [ 82. 103.]
  [ 83. 104.]
  [ 83. 106.]
  [ 83. 108.]
  [ 84. 109.]
  [ 85. 110.]
  [ 85. 112.]
  [ 86. 113.]
  [ 87. 114.]
  [ 88. 115.]
  [ 89. 116.]
  [ 89. 118.]
  [ 90. 119.]
  [ 92. 119.]
  [ 93. 120.]
  [ 94. 121.]
  [ 96. 121.]
  [ 98. 121.]
  [100. 121.]]]
